<?xml version="1.0"?>
<opencv_storage>
<cameraMatrixL type_id="opencv-matrix">
  <rows>3</rows>
  <cols>3</cols>
  <dt>d</dt>
  <data>
    6.1076846431012143e+002 0. 3.3277843643700896e+002 0.
    6.0999938970681012e+002 2.4874368363542581e+002 0. 0. 1.</data></cameraMatrixL>
<cameraDistcoeffL type_id="opencv-matrix">
  <rows>1</rows>
  <cols>5</cols>
  <dt>d</dt>
  <data>
    -5.3346600761265031e-002 4.7843840422412864e-001
    7.6019442064688848e-003 3.0695574920334961e-003
    -1.6566208232444666e+000</data></cameraDistcoeffL>
<cameraMatrixR type_id="opencv-matrix">
  <rows>3</rows>
  <cols>3</cols>
  <dt>d</dt>
  <data>
    6.1124075476330722e+002 0. 3.3943708228760772e+002 0.
    6.1065819260002058e+002 2.6907053598989461e+002 0. 0. 1.</data></cameraMatrixR>
<cameraDistcoeffR type_id="opencv-matrix">
  <rows>1</rows>
  <cols>5</cols>
  <dt>d</dt>
  <data>
    -3.4004458847773422e-002 2.3449221452348987e-001
    1.0215293313018254e-002 1.7089257286088410e-003
    -3.6742973563926612e-001</data></cameraDistcoeffR>
<R type_id="opencv-matrix">
  <rows>3</rows>
  <cols>3</cols>
  <dt>d</dt>
  <data>
    9.9999788070574602e-001 -1.4442523548570173e-003
    1.4672147600364382e-003 1.4540049671717019e-003
    9.9997671257073251e-001 -6.6678471627675401e-003
    -1.4575505384098492e-003 6.6699663691863597e-003
    9.9997669327592931e-001</data></R>
<T type_id="opencv-matrix">
  <rows>3</rows>
  <cols>1</cols>
  <dt>d</dt>
  <data>
    -6.2473463894819950e+001 1.5508388495958689e+000
    -1.6597272357508949e-001</data></T>
<E type_id="opencv-matrix">
  <rows>3</rows>
  <cols>3</cols>
  <dt>d</dt>
  <data>
    -2.0191008357221740e-003 1.7631290146786102e-001
    1.5496960238687363e+000 -2.5703060276627321e-001
    4.1693560964189269e-001 6.2471764325405424e+001
    -1.6416722897314964e+000 -6.2469769245787873e+001
    4.1428809532877059e-001</data></E>
<F type_id="opencv-matrix">
  <rows>3</rows>
  <cols>3</cols>
  <dt>d</dt>
  <data>
    3.4845237222889873e-009 -3.0466089527441453e-007
    -1.5588372395712712e-003 4.4400142810289782e-007
    -7.2113359103835498e-007 -6.5879681432660445e-002
    1.6110955003266014e-003 6.6277831160596851e-002 1.</data></F>
</opencv_storage>
